0
0.0004040731
0.0008081462
0.0012122192
0.0016162924
0.0020203656
0.0024244385
0.0028285116
0.0032325848
0.003636658
0.0040407311
0.004444804
0.004848877
0.0052529504
0.0056570233
0.0060610962
0.0064651696
0.0068692425
0.0072733159
0.0076773888
0.0080814622
0.0084855352
0.0088896081
0.009293681
0.0096977539
0.010101828
0.010505901
0.010909974
0.011314047
0.011718119
0.012122192
0.012526266
0.012930339
0.013334412
0.013738485
0.014142558
0.014546632
0.014950705
0.015354778
0.015758852
0.016162924
0.016566997
0.01697107
0.017375143
0.017779216
0.018183289
0.018587362
0.018991435
0.019395508
0.019799581
0.020203656
0.020607729
0.021011801
0.021415874
0.021819947
0.02222402
0.022628093
0.023032166
0.023436239
0.023840312
0.024244385
0.02464846
0.025052533
0.025456605
0.025860678
0.026264751
0.026668824
0.027072897
0.02747697
0.027881043
0.028285116
0.028689191
0.029093264
0.029497337
0.02990141
0.030305482
0.030709555
0.031113628
0.031517703
0.031921774
0.032325849
0.03272992
0.033133995
0.033538066
0.033942141
0.034346212
0.034750286
0.035154358
0.035558432
0.035962507
0.036366578
0.036770653
0.037174724
0.037578799
0.03798287
0.038386945
0.038791016
0.039195091
0.039599162
0.040003236
0.040407311
0.040811382
0.041215457
0.041619528
0.042023603
0.042427674
0.042831749
0.04323582
0.043639895
0.044043966
0.04444804
0.044852115
0.045256186
0.045660261
0.046064332
0.046468407
0.046872478
0.047276553
0.047680624
0.048084699
0.04848877
0.048892844
0.049296919
0.04970099
0.050105065
0.050509136
0.050913211
0.051317282
0.051721357
0.052125428
0.052529503
0.052933577
0.053337649
0.053741723
0.054145794
0.054549869
0.05495394
0.055358015
0.055762086
0.056166161
0.056570232
0.056974307
0.057378381
0.057782453
0.058186527
0.058590598
0.058994673
0.059398744
0.059802819
0.06020689
0.060610965
0.061015036
0.061419111
0.061823186
0.062227257
0.062631331
0.063035406
0.063439474
0.063843548
0.064247623
0.064651698
0.065055765
0.06545984
0.065863915
0.06626799
0.066672064
0.067076132
0.067480206
0.067884281
0.068288356
0.068692423
0.069096498
0.069500573
0.069904648
0.070308715
0.07071279
0.071116865
0.071520939
0.071925014
0.072329082
0.072733156
0.073137231
0.073541306
0.073945373
0.074349448
0.074753523
0.075157598
0.075561672
0.07596574
0.076369815
0.076773889
0.077177964
0.077582031
0.077986106
0.078390181
0.078794256
0.079198323
0.079602398
0.080006473
0.080410548
0.080814622
0.08121869
0.081622764
0.082026839
0.082430914
0.082834981
0.083239056
0.083643131
0.084047206
0.084451281
0.084855348
0.085259423
0.085663497
0.086067572
0.08647164
0.086875714
0.087279789
0.087683864
0.088087931
0.088492006
0.088896081
0.089300156
0.08970423
0.090108298
0.090512373
0.090916447
0.091320522
0.091724589
0.092128664
0.092532739
0.092936814
0.093340889
0.093744956
0.094149031
0.094553106
0.09495718
0.095361248
0.095765322
0.096169397
0.096573472
0.096977539
0.097381614
0.097785689
0.098189764
0.098593839
0.098997906
0.099401981
0.099806055
0.10021013
0.1006142
0.10101827
0.10142235
0.10182642
0.1022305
0.10263456
0.10303864
0.10344271
0.10384679
0.10425086
0.10465493
0.10505901
0.10546308
0.10586715
0.10627122
0.1066753
0.10707937
0.10748345
0.10788751
0.10829159
0.10869566
0.10909974
0.10950381
0.10990788
0.11031196
0.11071603
0.1111201
0.11152417
0.11192825
0.11233232
0.1127364
0.11314046
0.11354454
0.11394861
0.11435269
0.11475676
0.11516083
0.11556491
0.11596898
0.11637305
0.11677712
0.1171812
0.11758527
0.11798935
0.11839341
0.11879749
0.11920156
0.11960564
0.12000971
0.12041378
0.12081786
0.12122193
0.121626
0.12203007
0.12243415
0.12283822
0.1232423
0.12364637
0.12405044
0.12445451
0.12485859
0.12526266
0.12566674
0.12607081
0.12647487
0.12687895
0.12728302
0.1276871
0.12809117
0.12849525
0.12889932
0.1293034
0.12970747
0.13011153
0.13051561
0.13091968
0.13132375
0.13172783
0.1321319
0.13253598
0.13294005
0.13334413
0.13374819
0.13415226
0.13455634
0.13496041
0.13536449
0.13576856
0.13617264
0.13657671
0.13698079
0.13738485
0.13778892
0.138193
0.13859707
0.13900115
0.13940522
0.1398093
0.14021337
0.14061743
0.1410215
0.14142558
0.14182965
0.14223373
0.1426378
0.14304188
0.14344595
0.14385003
0.14425409
0.14465816
0.14506224
0.14546631
0.14587039
0.14627446
0.14667854
0.14708261
0.14748669
0.14789075
0.14829482
0.1486989
0.14910297
0.14950705
0.14991112
0.1503152
0.15071927
0.15112334
0.1515274
0.15193148
0.15233555
0.15273963
0.1531437
0.15354778
0.15395185
0.15435593
0.15476
0.15516406
0.15556814
0.15597221
0.15637629
0.15678036
0.15718444
0.15758851
0.15799259
0.15839665
0.15880072
0.1592048
0.15960887
0.16001295
0.16041702
0.1608211
0.16122517
0.16162924
0.1620333
0.16243738
0.16284145
0.16324553
0.1636496
0.16405368
0.16445775
0.16486183
0.1652659
0.16566996
0.16607404
0.16647811
0.16688219
0.16728626
0.16769034
0.16809441
0.16849849
0.16890256
0.16930662
0.1697107
0.17011477
0.17051885
0.17092292
0.17132699
0.17173107
0.17213514
0.17253922
0.17294328
0.17334735
0.17375143
0.1741555
0.17455958
0.17496365
0.17536773
0.1757718
0.17617586
0.17657994
0.17698401
0.17738809
0.17779216
0.17819624
0.17860031
0.17900439
0.17940846
0.17981252
0.1802166
0.18062067
0.18102475
0.18142882
0.18183289
0.18223697
0.18264104
0.18304512
0.18344918
0.18385325
0.18425733
0.1846614
0.18506548
0.18546955
0.18587363
0.1862777
0.18668178
0.18708584
0.18748991
0.18789399
0.18829806
0.18870214
0.18910621
0.18951029
0.18991436
0.19031844
0.1907225
0.19112657
0.19153064
0.19193472
0.19233879
0.19274287
0.19314694
0.19355102
0.19395508
0.19435915
0.19476323
0.1951673
0.19557138
0.19597545
0.19637953
0.1967836
0.19718768
0.19759174
0.19799581
0.19839989
0.19880396
0.19920804
0.19961211
0.20001619
0.20042026
0.20082434
0.2012284
0.20163247
0.20203654
0.20244062
0.20284469
0.20324877
0.20365284
0.20405692
0.20446099
0.20486505
0.20526913
0.2056732
0.20607728
0.20648135
0.20688543
0.2072895
0.20769358
0.20809765
0.20850171
0.20890579
0.20930986
0.20971394
0.21011801
0.21052209
0.21092616
0.21133024
0.21173431
0.21213837
0.21254244
0.21294652
0.21335059
0.21375467
0.21415874
0.21456282
0.21496689
0.21537095
0.21577503
0.2161791
0.21658318
0.21698725
0.21739133
0.2177954
0.21819948
0.21860355
0.21900761
0.21941169
0.21981576
0.22021984
0.22062391
0.22102799
0.22143206
0.22183613
0.22224021
0.22264427
0.22304834
0.22345242
0.22385649
0.22426057
0.22466464
0.22506872
0.22547279
0.22587687
0.22628093
0.226685
0.22708908
0.22749315
0.22789723
0.2283013
0.22870538
0.22910945
0.22951353
0.22991759
0.23032166
0.23072574
0.23112981
0.23153389
0.23193796
0.23234203
0.23274611
0.23315017
0.23355424
0.23395832
0.23436239
0.23476647
0.23517054
0.23557462
0.23597869
0.23638277
0.23678683
0.2371909
0.23759498
0.23799905
0.23840313
0.2388072
0.23921128
0.23961535
0.24001943
0.24042349
0.24082756
0.24123164
0.24163571
0.24203978
0.24244386
0.24284793
0.24325201
0.24365608
0.24406014
0.24446422
0.24486829
0.24527237
0.24567644
0.24608052
0.24648459
0.24688867
0.24729274
0.2476968
0.24810088
0.24850495
0.24890903
0.2493131
0.24971718
0.25012124
0.25052533
0.25092939
0.25133348
0.25173753
0.25214162
0.25254568
0.25294974
0.25335383
0.25375789
0.25416198
0.25456604
0.25497013
0.25537419
0.25577828
0.25618234
0.2565864
0.25699049
0.25739455
0.25779864
0.2582027
0.25860679
0.25901085
0.25941494
0.259819
0.26022306
0.26062715
0.26103121
0.2614353
0.26183936
0.26224345
0.26264751
0.2630516
0.26345566
0.26385972
0.26426381
0.26466787
0.26507196
0.26547602
0.26588011
0.26628417
0.26668826
0.26709232
0.26749638
0.26790047
0.26830453
0.26870862
0.26911268
0.26951677
0.26992083
0.27032492
0.27072898
0.27113304
0.27153713
0.27194118
0.27234527
0.27274933
0.27315342
0.27355748
0.27396157
0.27436563
0.27476969
0.27517378
0.27557784
0.27598193
0.27638599
0.27679008
0.27719414
0.2775982
0.27800229
0.27840635
0.27881044
0.2792145
0.27961859
0.28002265
0.28042674
0.2808308
0.28123486
0.28163895
0.28204301
0.2824471
0.28285116
0.28325525
0.28365931
0.2840634
0.28446746
0.28487152
0.28527561
0.28567967
0.28608376
0.28648782
0.28689191
0.28729597
0.28770006
0.28810412
0.28850818
0.28891227
0.28931633
0.28972042
0.29012448
0.29052857
0.29093263
0.29133672
0.29174078
0.29214483
0.29254892
0.29295298
0.29335707
0.29376113
0.29416522
0.29456928
0.29497337
0.29537743
0.29578149
0.29618558
0.29658964
0.29699373
0.29739779
0.29780188
0.29820594
0.29861003
0.29901409
0.29941815
0.29982224
0.3002263
0.30063039
0.30103445
0.30143854
0.3018426
0.30224669
0.30265075
0.30305481
0.3034589
0.30386296
0.30426705
0.30467111
0.3050752
0.30547926
0.30588335
0.30628741
0.30669147
0.30709556
0.30749962
0.30790371
0.30830777
0.30871186
0.30911592
0.30952001
0.30992407
0.31032813
0.311288
0.31227174
0.31325552
0.31423929
0.31522307
0.31620684
0.31719062
0.31817439
0.31915817
0.32014194
0.32112572
0.32210949
0.32309327
0.32407704
0.32506081
0.32604459
0.32702836
0.32801211
0.32899588
0.32997966
0.33096343
0.33194721
0.33293098
0.33391476
0.33489853
0.33588231
0.33686608
0.33784986
0.33883363
0.3398174
0.34080118
0.34178495
0.34276873
0.34375247
0.34473625
0.34572002
0.3467038
0.34768757
0.34867135
0.34965512
0.3506389
0.35162267
0.35260645
0.35359022
0.35457399
0.35555777
0.35654154
0.35752532
0.35850909
0.35949287
0.36047661
0.36146039
0.36244416
0.36342794
0.36441171
0.36539549
0.36637926
0.36736304
0.36834681
0.36933059
0.37031436
0.37129813
0.37228191
0.37326568
0.37424946
0.37523323
0.37621698
0.37720075
0.37818453
0.3791683
0.38015208
0.38113585
0.38211963
0.3831034
0.38408718
0.38507095
0.38605472
0.3870385
0.38802227
0.38900605
0.38998982
0.3909736
0.39195734
0.39294112
0.39392489
0.39490867
0.39589244
0.39687622
0.39785999
0.39884377
0.39982754
0.40081131
0.40179509
0.40277886
0.40376264
0.40474641
0.40573019
0.40671396
0.40769774
0.40868148
0.40966526
0.41064903
0.41163281
0.41261658
0.41360036
0.41458413
0.4155679
0.41655168
0.41753545
0.41851923
0.419503
0.42048678
0.42147055
0.42245433
0.4234381
0.42442185
0.42540562
0.4263894
0.42737317
0.42835695
0.42934072
0.43032449
0.43130827
0.43229204
0.43327582
0.43425959
0.43524337
0.43622714
0.43721092
0.43819469
0.43917847
0.44016224
0.44114599
0.44212976
0.44311354
0.44409731
0.44508108
0.44606486
0.44704863
0.44803241
0.44901618
0.44999996
0.45098373
0.45196751
0.45295128
0.45393506
0.45491883
0.45590261
0.45688635
0.45787013
0.4588539
0.45983768
0.46082145
0.46180522
0.462789
0.46377277
0.46475655
0.46574032
0.4667241
0.46770787
0.46869165
0.46967542
0.4706592
0.47164297
0.47262672
0.47361049
0.47459427
0.47557804
0.47656181
0.47754559
0.47852936
0.47951314
0.48049691
0.48148069
0.48246446
0.48915327
0.49827552
0.50739777
0.51652002
0.52564228
0.53476453
0.54388684
0.55300909
0.56213135
0.5712536
0.58037585
0.5894981
0.59862036
0.60774261
0.61686486
0.62598711
0.63510936
0.64423162
0.65335387
0.66247618
0.67159843
0.68072069
0.68984294
0.69896519
0.70808744
0.7172097
0.72633195
0.7354542
0.74457645
0.75369871
0.76282096
0.77194321
0.78106552
0.79018778
0.79931003
0.80843228
0.81755453
0.82667679
0.83579904
0.84492129
0.85404354
0.8631658
0.87228805
0.8814103
0.89053255
0.89965487
0.90877712
0.91789937
0.92702162
0.93614388
0.94526613
0.95438838
0.96351063
0.97263288
0.98175514
0.99087739
