2.200005769729614258e+00
2.201988220214843750e+00
2.203999519348144531e+00
2.206011056900024414e+00
2.207993268966674805e+00
2.210004568099975586e+00
2.212045192718505859e+00
2.213998317718505859e+00
2.216068029403686523e+00
2.217992067337036133e+00
2.220032691955566406e+00
2.221985816955566406e+00
2.224026441574096680e+00
2.226008653640747070e+00
2.228078365325927734e+00
2.230002403259277344e+00
2.232101202011108398e+00
2.233996152877807617e+00
2.236094951629638672e+00
2.237960577011108398e+00
2.240059375762939453e+00
2.242012500762939453e+00
2.244024038314819336e+00
2.246035337448120117e+00
2.247988462448120117e+00
2.250000000000000000e+00
2.252069711685180664e+00
2.253993749618530273e+00
2.256005048751831055e+00
2.258045673370361328e+00
2.259998798370361328e+00
2.262010335922241211e+00
2.264021635055541992e+00
2.266003847122192383e+00
2.268015384674072266e+00
2.269997596740722656e+00
2.272038221359252930e+00
2.273991346359252930e+00
2.276031970977783203e+00
2.278014183044433594e+00
2.279996395111083984e+00
2.282037019729614258e+00
2.283990144729614258e+00
2.286001682281494141e+00
2.288100481033325195e+00
2.289995431900024414e+00
2.292065143585205078e+00
2.293988943099975586e+00
2.296000480651855469e+00
2.298041105270385742e+00
2.300023317337036133e+00
2.302005529403686523e+00
2.304075241088867188e+00
2.305999279022216797e+00
2.308039903640747070e+00
2.309993028640747070e+00
2.312004327774047852e+00
2.314015865325927734e+00
2.315998077392578125e+00
2.318038702011108398e+00
2.319991827011108398e+00
2.322003364562988281e+00
2.324043750762939453e+00
2.325996875762939453e+00
2.328066587448120117e+00
2.329990625381469727e+00
2.332031250000000000e+00
2.334042787551879883e+00
2.335995912551879883e+00
2.338007211685180664e+00
2.340047836303710938e+00
2.342000961303710938e+00
2.344012260437011719e+00
2.346081972122192383e+00
2.348006010055541992e+00
2.350017547607421875e+00
2.351999759674072266e+00
2.354040384292602539e+00
2.355993509292602539e+00
2.358034133911132812e+00
2.359987258911132812e+00
2.361998558044433594e+00
2.364039182662963867e+00
2.365992307662963867e+00
2.368032932281494141e+00
2.369986057281494141e+00
2.372026681900024414e+00
2.374008893966674805e+00
2.376020193099975586e+00
2.378002643585205078e+00
2.380013942718505859e+00
2.382025480270385742e+00
2.384007692337036133e+00
2.386019229888916016e+00
2.388030529022216797e+00
2.390012741088867188e+00
2.392053365707397461e+00
2.394006490707397461e+00
2.395988702774047852e+00
2.398029327392578125e+00
2.400011777877807617e+00
2.401993989944458008e+00
2.404063701629638672e+00
2.405987739562988281e+00
2.408028125762939453e+00
2.410010576248168945e+00
2.412021875381469727e+00
2.414004087448120117e+00
2.416044712066650391e+00
2.417997837066650391e+00
2.420038461685180664e+00
2.421991586685180664e+00
2.424032211303710938e+00
2.425985336303710938e+00
2.428084135055541992e+00
2.430008172988891602e+00
2.432019472122192383e+00
2.434031009674072266e+00
2.436013221740722656e+00
2.438024759292602539e+00
2.440006971359252930e+00
2.442018508911132812e+00
2.444000720977783203e+00
2.446099519729614258e+00
2.447994470596313477e+00
2.450064182281494141e+00
2.451988220214843750e+00
2.454057931900024414e+00
2.456011056900024414e+00
2.458022356033325195e+00
2.460004568099975586e+00
2.462016105651855469e+00
2.463998317718505859e+00
2.466038942337036133e+00
2.467992067337036133e+00
2.470032691955566406e+00
2.471985816955566406e+00
2.474055528640747070e+00
2.476008653640747070e+00
2.478019952774047852e+00
2.480002403259277344e+00
2.482013702392578125e+00
2.483996152877807617e+00
2.486007452011108398e+00
2.488048076629638672e+00
2.490001201629638672e+00
2.492041826248168945e+00
2.493994951248168945e+00
2.496035337448120117e+00
2.497988462448120117e+00
2.500029087066650391e+00
2.502011537551879883e+00
2.504022836685180664e+00
2.506005048751831055e+00
2.508016586303710938e+00
2.509998798370361328e+00
2.512039422988891602e+00
2.513992547988891602e+00
2.516003847122192383e+00
2.517986297607421875e+00
2.519997596740722656e+00
2.522096633911132812e+00
2.523991346359252930e+00
2.526061058044433594e+00
2.528014183044433594e+00
2.529996395111083984e+00
2.532007932662963867e+00
2.534048557281494141e+00
2.536001682281494141e+00
2.538071393966674805e+00
2.539995431900024414e+00
2.542035818099975586e+00
2.544018268585205078e+00
2.546000480651855469e+00
2.548011779785156250e+00
2.550081729888916016e+00
2.552034854888916016e+00
2.554017066955566406e+00
2.556028366088867188e+00
2.558010816574096680e+00
2.560022115707397461e+00
2.562004327774047852e+00
2.564044952392578125e+00
2.565998077392578125e+00
2.568097114562988281e+00
2.569991827011108398e+00
2.572032451629638672e+00
2.574014663696289062e+00
2.575996875762939453e+00
2.578008413314819336e+00
2.580049037933349609e+00
2.582002162933349609e+00
2.584042787551879883e+00
2.585995912551879883e+00
2.588036298751831055e+00
2.589989423751831055e+00
2.592030048370361328e+00
2.594041585922241211e+00
2.595994710922241211e+00
2.598035097122192383e+00
