-9.999708533287048340e-01
-9.979011416435241699e-01
-9.960063099861145020e-01
-9.939657449722290039e-01
-9.919251203536987305e-01
-9.900302886962890625e-01
-9.878439903259277344e-01
-9.860074520111083984e-01
-9.838503003120422363e-01
-9.820137619972229004e-01
-9.799149036407470703e-01
-9.779909253120422363e-01
-9.758628606796264648e-01
-9.739971756935119629e-01
-9.718108773231506348e-01
-9.699743390083312988e-01
-9.679046273231506348e-01
-9.659806489944458008e-01
-9.639692306518554688e-01
-9.619578123092651367e-01
-9.599171876907348633e-01
-9.580224156379699707e-01
-9.558360576629638672e-01
-9.540286660194396973e-01
-9.518715143203735352e-01
-9.500058293342590332e-01
-9.479361176490783691e-01
-9.460121393203735352e-01
-9.439132213592529297e-01
-9.419600963592529297e-01
-9.399486780166625977e-01
-9.379664063453674316e-01
-9.360132813453674316e-01
-9.338269829750061035e-01
-9.319321513175964355e-01
-9.300081729888916016e-01
-9.278509616851806641e-01
-9.259853363037109375e-01
-9.238864183425903320e-01
-9.219915866851806641e-01
-9.198927283287048340e-01
-9.179978966712951660e-01
-9.158407449722290039e-01
-9.140333533287048340e-01
-9.119636416435241699e-01
-9.099521636962890625e-01
-9.079990386962890625e-01
-9.058418869972229004e-01
-9.039762020111083984e-01
-9.018190503120422363e-01
-9.000699520111083984e-01
-8.978836536407470703e-01
-8.959888219833374023e-01
-8.938899040222167969e-01
-8.919951319694519043e-01
-8.898379206657409668e-01
-8.879430890083312988e-01
-8.859899640083312988e-01
-8.838328123092651367e-01
-8.820254206657409668e-01
-8.798974156379699707e-01
-8.780317306518554688e-01
-8.758453726768493652e-01
-8.740380406379699707e-01
-8.718225359916687012e-01
-8.700151443481445312e-01
-8.678579926490783691e-01
-8.659923076629638672e-01
-8.638934493064880371e-01
-8.619986176490783691e-01
-8.598705530166625977e-01
-8.580048680305480957e-01
-8.558477163314819336e-01
-8.539237380027770996e-01
-8.519706130027770996e-01
-8.499591946601867676e-01
-8.478894829750061035e-01
-8.460237979888916016e-01
-8.438374400138854980e-01
-8.420301079750061035e-01
-8.399311900138854980e-01
-8.379780650138854980e-01
-8.358500599861145020e-01
-8.340135216712951660e-01
-8.318855166435241699e-01
-8.300198316574096680e-01
-8.278334736824035645e-01
-8.260261416435241699e-01
-8.238689303398132324e-01
-8.219740986824035645e-01
-8.199043869972229004e-01
-8.180095553398132324e-01
-8.158232569694519043e-01
-8.139867186546325684e-01
-8.118878006935119629e-01
-8.100221753120422363e-01
-8.079232573509216309e-01
-8.059992790222167969e-01
-8.038712739944458008e-01
-8.020347356796264648e-01
-7.998775839805603027e-01
-7.980410456657409668e-01
-7.958546876907348633e-01
-7.940182089805603027e-01
-7.918609976768493652e-01
-7.899953126907348633e-01
-7.878381609916687012e-01
-7.860599160194396973e-01
-7.839027643203735352e-01
-7.820370793342590332e-01
-7.798215746879577637e-01
-7.780725359916687012e-01
-7.758570313453674316e-01
-7.739913463592529297e-01
-7.719216346740722656e-01
-7.699976563453674316e-01
-7.678696513175964355e-01
-7.660039663314819336e-01
-7.638759613037109375e-01
-7.620394229888916016e-01
-7.598530650138854980e-01
-7.580165863037109375e-01
-7.558885216712951660e-01
-7.540228366851806641e-01
-7.519239783287048340e-01
-7.500000000000000000e-01
-7.478719949722290039e-01
-7.460063099861145020e-01
-7.438490986824035645e-01
-7.420126199722290039e-01
-7.399137020111083984e-01
-7.380188703536987305e-01
-7.358617186546325684e-01
-7.339085936546325684e-01
-7.318971753120422363e-01
-7.299731969833374023e-01
-7.278742790222167969e-01
-7.260378003120422363e-01
-7.238514423370361328e-01
-7.220149040222167969e-01
-7.198577523231506348e-01
-7.179629206657409668e-01
-7.158640623092651367e-01
-7.139109373092651367e-01
-7.119869589805603027e-01
-7.098297476768493652e-01
-7.080515623092651367e-01
-7.058360576629638672e-01
-7.040286660194396973e-01
-7.019006609916687012e-01
-7.000058293342590332e-01
-6.978778243064880371e-01
-6.959829926490783691e-01
-6.939715743064880371e-01
-6.919018030166625977e-01
-6.900069713592529297e-01
-6.878206729888916016e-01
-6.860424280166625977e-01
-6.838269829750061035e-01
-6.819904446601867676e-01
-6.798332333564758301e-01
-6.780259013175964355e-01
-6.759269833564758301e-01
-6.740030050277709961e-01
-6.719041466712951660e-01
-6.700093150138854980e-01
-6.678230166435241699e-01
-6.659864783287048340e-01
-6.639459133148193359e-01
-6.619927883148193359e-01
-6.599521636962890625e-01
-6.579115986824035645e-01
-6.559876203536987305e-01
-6.538887619972229004e-01
-6.519939303398132324e-01
-6.498659253120422363e-01
-6.480002403259277344e-01
-6.458721756935119629e-01
-6.440065503120422363e-01
-6.418784856796264648e-01
-6.400128006935119629e-01
-6.378556489944458008e-01
-6.359899640083312988e-01
-6.338911056518554688e-01
-6.320254206657409668e-01
-6.298974156379699707e-01
-6.280025839805603027e-01
-6.259036660194396973e-01
-6.240088343620300293e-01
-6.219391226768493652e-01
-6.199568510055541992e-01
-6.179162859916687012e-01
-6.159923076629638672e-01
-6.139225959777832031e-01
-6.119986176490783691e-01
-6.099288463592529297e-01
-6.080048680305480957e-01
-6.058477163314819336e-01
-6.040111780166625977e-01
-6.018831729888916016e-01
-5.999883413314819336e-01
-5.978603363037109375e-01
-5.959946513175964355e-01
-5.938665866851806641e-01
-5.920009613037109375e-01
-5.898728966712951660e-01
-5.880072116851806641e-01
-5.858792066574096680e-01
-5.840135216712951660e-01
-5.818855166435241699e-01
-5.799615383148193359e-01
-5.779501199722290039e-01
-5.759677886962890625e-01
-5.739563703536987305e-01
-5.719158053398132324e-01
-5.699918270111083984e-01
-5.679804086685180664e-01
-5.659106969833374023e-01
-5.639867186546325684e-01
-5.619753003120422363e-01
-5.599055290222167969e-01
-5.580107569694519043e-01
-5.558826923370361328e-01
-5.539878606796264648e-01
-5.518890023231506348e-01
-5.499941706657409668e-01
-5.478953123092651367e-01
-5.460004806518554688e-01
-5.438724160194396973e-01
-5.420067906379699707e-01
-5.398787260055541992e-01
-5.380130410194396973e-01
-5.359141826629638672e-01
-5.339610576629638672e-01
-5.319787859916687012e-01
-5.299090743064880371e-01
-5.280142426490783691e-01
-5.259153246879577637e-01
-5.239913463592529297e-01
-5.219216346740722656e-01
-5.199685096740722656e-01
-5.179279446601867676e-01
-5.160039663314819336e-01
-5.139051079750061035e-01
-5.120102763175964355e-01
-5.099697113037109375e-01
-5.078999400138854980e-01
-5.059759616851806641e-01
-5.039645433425903320e-01
-5.019822716712951660e-01
-4.998833835124969482e-01
-4.979885816574096680e-01
-4.959188401699066162e-01
-4.939657151699066162e-01
-4.919542968273162842e-01
-4.899428784847259521e-01
-4.879605770111083984e-01
-4.859783053398132324e-01
-4.839668869972229004e-01
-4.819554686546325684e-01
-4.799731671810150146e-01
-4.779617488384246826e-01
-4.759503304958343506e-01
-4.739389121532440186e-01
-4.719857871532440186e-01
-4.699743390083312988e-01
-4.679337739944458008e-01
-4.659806489944458008e-01
-4.639692306518554688e-01
-4.619286358356475830e-01
-4.600046575069427490e-01
-4.579349458217620850e-01
-4.559818208217620850e-01
-4.539703726768493652e-01
-4.519298076629638672e-01
-4.499475359916687012e-01
-4.479652643203735352e-01
-4.459538161754608154e-01
-4.439715445041656494e-01
-4.419892728328704834e-01
-4.399195313453674316e-01
-4.379955828189849854e-01
-4.359258413314819336e-01
-4.340018630027770996e-01
-4.319029748439788818e-01
-4.300081729888916016e-01
-4.279384315013885498e-01
-4.259853065013885498e-01
-4.239447414875030518e-01
-4.219624400138854980e-01
-4.199801683425903320e-01
-4.179104566574096680e-01
-4.159864783287048340e-01
-4.139458835124969482e-01
-4.119636118412017822e-01
-4.099521934986114502e-01
-4.079990684986114502e-01
-4.058710336685180664e-01
-4.039762020111083984e-01
-4.019356369972229004e-01
-3.999533653259277344e-01
-3.979419171810150146e-01
-3.959304988384246826e-01
-3.939482271671295166e-01
-3.919659554958343506e-01
-3.899545371532440186e-01
-3.880014121532440186e-01
-3.859316706657409668e-01
-3.839785456657409668e-01
-3.819379806518554688e-01
-3.799848556518554688e-01
-3.779442608356475830e-01
-3.759619891643524170e-01
-3.739505708217620850e-01
-3.719391226768493652e-01
-3.699568510055541992e-01
-3.679745793342590332e-01
-3.659048378467559814e-01
-3.639808893203735352e-01
-3.619111478328704834e-01
-3.599871695041656494e-01
-3.579466044902801514e-01
-3.559643328189849854e-01
-3.539820313453674316e-01
-3.519123196601867676e-01
-3.499883413314819336e-01
-3.478894531726837158e-01
-3.459946215152740479e-01
-3.439249098300933838e-01
-3.420009315013885498e-01
-3.399311900138854980e-01
-3.379489183425903320e-01
-3.359957933425903320e-01
-3.339552283287048340e-01
-3.319729566574096680e-01
-3.299615085124969482e-01
-3.279500901699066162e-01
-3.259678184986114502e-01
-3.239564001560211182e-01
-3.219158053398132324e-01
-3.199918270111083984e-01
-3.179221153259277344e-01
-3.159981369972229004e-01
-3.139283955097198486e-01
-3.119752705097198486e-01
-3.099347054958343506e-01
-3.080107271671295166e-01
-3.059118390083312988e-01
-3.039587140083312988e-01
-3.019764423370361328e-01
-2.999650239944458008e-01
-2.979536056518554688e-01
-2.959713041782379150e-01
-2.939015924930572510e-01
-2.920067608356475830e-01
-2.899078726768493652e-01
-2.879838943481445312e-01
-2.859724760055541992e-01
-2.839610576629638672e-01
-2.819787859916687012e-01
-2.798798978328704834e-01
-2.780142128467559814e-01
-2.759736478328704834e-01
-2.739622294902801514e-01
-2.719507813453674316e-01
-2.699685096740722656e-01
-2.678987979888916016e-01
-2.660039663314819336e-01
-2.639050781726837158e-01
-2.620102465152740479e-01
-2.599113881587982178e-01
-2.579874098300933838e-01
-2.559176683425903320e-01
-2.539353966712951660e-01
-2.519822716712951660e-01
-2.499125450849533081e-01
-2.479885667562484741e-01
-2.459188401699066162e-01
-2.439948767423629761e-01
-2.418959885835647583e-01
-2.400011718273162842e-01
-2.379022836685180664e-01
-2.360074669122695923e-01
-2.339377403259277344e-01
-2.319554537534713745e-01
-2.300023287534713745e-01
-2.279326021671295166e-01
-2.259211689233779907e-01
-2.240263521671295166e-01
-2.218691706657409668e-01
-2.200326472520828247e-01
-2.179046124219894409e-01
-2.160097956657409668e-01
-2.139692157506942749e-01
-2.118994891643524170e-01
-2.100046575069427490e-01
-2.078474760055541992e-01
-2.060109674930572510e-01
-2.039412260055541992e-01
-2.019006460905075073e-01
