1.600000000000000000e+01
1.600102043151855469e+01
1.600204086303710938e+01
1.600300216674804688e+01
1.600399398803710938e+01
1.600501441955566406e+01
1.600603485107421875e+01
1.600699615478515625e+01
1.600801658630371094e+01
1.600903701782226562e+01
1.600999832153320312e+01
1.601099014282226562e+01
1.601206779479980469e+01
1.601300048828125000e+01
1.601399230957031250e+01
1.601504135131835938e+01
1.601603317260742188e+01
1.601699447631835938e+01
1.601798629760742188e+01
1.601906394958496094e+01
1.601999855041503906e+01
1.602101707458496094e+01
1.602203750610351562e+01
1.602300071716308594e+01
1.602402114868164062e+01
1.602504158020019531e+01
1.602603149414062500e+01
1.602699470520019531e+01
1.602804374694824219e+01
1.602903366088867188e+01
1.602999687194824219e+01
1.603101730346679688e+01
1.603203773498535156e+01
1.603299903869628906e+01
1.603399085998535156e+01
1.603501129150390625e+01
1.603603172302246094e+01
1.603702163696289062e+01
1.603801345825195312e+01
1.603906250000000000e+01
1.603999519348144531e+01
1.604104423522949219e+01
1.604200744628906250e+01
1.604302787780761719e+01
1.604398918151855469e+01
1.604500961303710938e+01
1.604599952697753906e+01
1.604699134826660156e+01
1.604801177978515625e+01
1.604903221130371094e+01
1.604996490478515625e+01
1.605110168457031250e+01
1.605197715759277344e+01
1.605299758911132812e+01
1.605407524108886719e+01
1.605497932434082031e+01
1.605599975585937500e+01
1.605698966979980469e+01
1.605804061889648438e+01
1.605897331237792969e+01
1.606005096435546875e+01
1.606101417541503906e+01
1.606200408935546875e+01
1.606299591064453125e+01
1.606401634216308594e+01
1.606500625610351562e+01
1.606602668762207031e+01
1.606704711914062500e+01
1.606801033020019531e+01
1.606900024414062500e+01
1.606999206542968750e+01
1.607104110717773438e+01
1.607200241088867188e+01
1.607302284240722656e+01
1.607404327392578125e+01
1.607500648498535156e+01
1.607605552673339844e+01
1.607698822021484375e+01
1.607803726196289062e+01
1.607896995544433594e+01
1.608001899719238281e+01
1.608101081848144531e+01
1.608200263977050781e+01
1.608305168151855469e+01
1.608401298522949219e+01
1.608500480651855469e+01
1.608599662780761719e+01
1.608701515197753906e+01
1.608803558349609375e+01
1.608899879455566406e+01
1.609001922607421875e+01
1.609103965759277344e+01
1.609200096130371094e+01
1.609305000305175781e+01
1.609401321411132812e+01
1.609503173828125000e+01
1.609602355957031250e+01
1.609701538085937500e+01
1.609800529479980469e+01
1.609899711608886719e+01
1.610001754760742188e+01
1.610100936889648438e+01
1.610199928283691406e+01
1.610301971435546875e+01
1.610401153564453125e+01
1.610503196716308594e+01
1.610599327087402344e+01
1.610707283020019531e+01
1.610797500610351562e+01
1.610902595520019531e+01
1.610998725891113281e+01
1.611100769042968750e+01
1.611202812194824219e+01
1.611298942565917969e+01
1.611406898498535156e+01
1.611497116088867188e+01
1.611605072021484375e+01
1.611698341369628906e+01
1.611803245544433594e+01
1.611902427673339844e+01
1.611998558044433594e+01
1.612109375000000000e+01
1.612193870544433594e+01
1.612301826477050781e+01
1.612397956848144531e+01
1.612508773803710938e+01
1.612599182128906250e+01
1.612701225280761719e+01
1.612803077697753906e+01
1.612899398803710938e+01
1.613007164001464844e+01
1.613097572326660156e+01
1.613205528259277344e+01
1.613298797607421875e+01
1.613397789001464844e+01
1.613505744934082031e+01
1.613599014282226562e+01
1.613703918457031250e+01
1.613800048828125000e+01
1.613899230957031250e+01
1.614001274108886719e+01
1.614103317260742188e+01
1.614202499389648438e+01
1.614301490783691406e+01
1.614400672912597656e+01
1.614499855041503906e+01
1.614598846435546875e+01
1.614700889587402344e+01
1.614802932739257812e+01
1.614902114868164062e+01
1.615001106262207031e+01
1.615100288391113281e+01
1.615199470520019531e+01
1.615304374694824219e+01
1.615400505065917969e+01
1.615502548217773438e+01
1.615598678588867188e+01
1.615700721740722656e+01
1.615802764892578125e+01
1.615899085998535156e+01
1.616003990173339844e+01
1.616100120544433594e+01
1.616202163696289062e+01
1.616298484802246094e+01
1.616403388977050781e+01
1.616502380371093750e+01
1.616601562500000000e+01
1.616700744628906250e+01
1.616802787780761719e+01
1.616896057128906250e+01
1.617000961303710938e+01
1.617105865478515625e+01
1.617199134826660156e+01
1.617301177978515625e+01
1.617403221130371094e+01
1.617496490478515625e+01
1.617604446411132812e+01
1.617706298828125000e+01
1.617799758911132812e+01
1.617898750305175781e+01
1.617997932434082031e+01
1.618102836608886719e+01
1.618202018737792969e+01
1.618301010131835938e+01
1.618406105041503906e+01
1.618496322631835938e+01
1.618604278564453125e+01
1.618697547912597656e+01
1.618802452087402344e+01
1.618901634216308594e+01
1.619000625610351562e+01
1.619102668762207031e+01
1.619198989868164062e+01
1.619301033020019531e+01
1.619405937194824219e+01
1.619499206542968750e+01
1.619601249694824219e+01
1.619700241088867188e+01
1.619799423217773438e+01
1.619901466369628906e+01
1.620006370544433594e+01
1.620099639892578125e+01
1.620198822021484375e+01
1.620303726196289062e+01
1.620400047302246094e+01
1.620499038696289062e+01
1.620606994628906250e+01
1.620700263977050781e+01
1.620802307128906250e+01
1.620901298522949219e+01
1.621003341674804688e+01
1.621102523803710938e+01
1.621198654174804688e+01
1.621303558349609375e+01
1.621402740478515625e+01
1.621498870849609375e+01
1.621600914001464844e+01
1.621706008911132812e+01
1.621799278259277344e+01
1.621901321411132812e+01
1.622003173828125000e+01
1.622099494934082031e+01
1.622201538085937500e+01
1.622306442260742188e+01
1.622399711608886719e+01
1.622498893737792969e+01
1.622606658935546875e+01
1.622699928283691406e+01
1.622799110412597656e+01
1.622901153564453125e+01
1.623006057739257812e+01
1.623099327087402344e+01
1.623204231262207031e+01
1.623303413391113281e+01
1.623399543762207031e+01
1.623501586914062500e+01
1.623600769042968750e+01
1.623699951171875000e+01
1.623798942565917969e+01
1.623900985717773438e+01
1.624003028869628906e+01
1.624099159240722656e+01
1.624204254150390625e+01
1.624303245544433594e+01
1.624402427673339844e+01
1.624498558044433594e+01
1.624603462219238281e+01
1.624699783325195312e+01
1.624798774719238281e+01
1.624906730651855469e+01
1.624997138977050781e+01
1.625102043151855469e+01
1.625204086303710938e+01
1.625300216674804688e+01
1.625399398803710938e+01
1.625507164001464844e+01
1.625597572326660156e+01
1.625702476501464844e+01
1.625804519653320312e+01
1.625897789001464844e+01
1.626002883911132812e+01
1.626099014282226562e+01
1.626201057434082031e+01
1.626303100585937500e+01
1.626396369934082031e+01
1.626507186889648438e+01
1.626600456237792969e+01
1.626702499389648438e+01
1.626795768737792969e+01
1.626903533935546875e+01
1.626999855041503906e+01
1.627101707458496094e+01
1.627200889587402344e+01
1.627302932739257812e+01
1.627399063110351562e+01
1.627504158020019531e+01
1.627603149414062500e+01
1.627699470520019531e+01
1.627807235717773438e+01
1.627900505065917969e+01
1.627999687194824219e+01
1.628098678588867188e+01
1.628209495544433594e+01
1.628297042846679688e+01
1.628401947021484375e+01
1.628503990173339844e+01
1.628597259521484375e+01
1.628702163696289062e+01
1.628807067871093750e+01
1.628900337219238281e+01
1.629005432128906250e+01
1.629098701477050781e+01
1.629200744628906250e+01
1.629299736022949219e+01
1.629398918151855469e+01
1.629509735107421875e+01
1.629599952697753906e+01
1.629696273803710938e+01
1.629807090759277344e+01
1.629900360107421875e+01
1.630008125305175781e+01
1.630101394653320312e+01
1.630203437805175781e+01
1.630296707153320312e+01
1.630407524108886719e+01
1.630500793457031250e+01
1.630602836608886719e+01
1.630698966979980469e+01
1.630801010131835938e+01
1.630900192260742188e+01
1.630999374389648438e+01
1.631107139587402344e+01
1.631200408935546875e+01
1.631299591064453125e+01
1.631401634216308594e+01
1.631500625610351562e+01
1.631599807739257812e+01
1.631698989868164062e+01
1.631806755065917969e+01
1.631897163391113281e+01
1.632002067565917969e+01
1.632104110717773438e+01
1.632200241088867188e+01
1.632305335998535156e+01
1.632401466369628906e+01
1.632500648498535156e+01
1.632599639892578125e+01
1.632701683044433594e+01
1.632800865173339844e+01
1.632905769348144531e+01
1.632999038696289062e+01
1.633103942871093750e+01
1.633200263977050781e+01
1.633299255371093750e+01
1.633404350280761719e+01
1.633503341674804688e+01
1.633599662780761719e+01
1.633704566955566406e+01
1.633800697326660156e+01
1.633899879455566406e+01
1.634001922607421875e+01
1.634103965759277344e+01
1.634200096130371094e+01
1.634302139282226562e+01
1.634401321411132812e+01
1.634500312805175781e+01
1.634602355957031250e+01
1.634704399108886719e+01
1.634800529479980469e+01
1.634899711608886719e+01
1.635001754760742188e+01
1.635097885131835938e+01
1.635202980041503906e+01
1.635301971435546875e+01
1.635404014587402344e+01
1.635497283935546875e+01
1.635602188110351562e+01
1.635698509216308594e+01
1.635806274414062500e+01
1.635902595520019531e+01
1.635998725891113281e+01
1.636103630065917969e+01
1.636199951171875000e+01
1.636298942565917969e+01
1.636406898498535156e+01
1.636500167846679688e+01
1.636605072021484375e+01
1.636701202392578125e+01
1.636797523498535156e+01
1.636905288696289062e+01
1.636998558044433594e+01
1.637109375000000000e+01
1.637196922302246094e+01
1.637301826477050781e+01
1.637403869628906250e+01
1.637497138977050781e+01
1.637604904174804688e+01
1.637701225280761719e+01
1.637803077697753906e+01
1.637902259826660156e+01
1.637998390197753906e+01
1.638106346130371094e+01
1.638199615478515625e+01
1.638298797607421875e+01
1.638400840759277344e+01
1.638502883911132812e+01
1.638601875305175781e+01
1.638698196411132812e+01
1.638808822631835938e+01
1.638899230957031250e+01
1.639001274108886719e+01
1.639100456237792969e+01
1.639205360412597656e+01
1.639298629760742188e+01
1.639400672912597656e+01
1.639502716064453125e+01
1.639601707458496094e+01
1.639700889587402344e+01
1.639802932739257812e+01
1.639902114868164062e+01
1.640001106262207031e+01
1.640100288391113281e+01
1.640205192565917969e+01
1.640301513671875000e+01
1.640403366088867188e+01
1.640502548217773438e+01
1.640601730346679688e+01
1.640700721740722656e+01
1.640802764892578125e+01
1.640899085998535156e+01
1.641003990173339844e+01
1.641100120544433594e+01
1.641202163696289062e+01
1.641304206848144531e+01
1.641400337219238281e+01
1.641499519348144531e+01
1.641601562500000000e+01
1.641703605651855469e+01
1.641802787780761719e+01
1.641898918151855469e+01
1.642003822326660156e+01
1.642099952697753906e+01
1.642199134826660156e+01
1.642304039001464844e+01
1.642400360107421875e+01
1.642505264282226562e+01
1.642601394653320312e+01
1.642706298828125000e+01
1.642796707153320312e+01
1.642904663085937500e+01
1.643000793457031250e+01
1.643105697631835938e+01
1.643198966979980469e+01
1.643301010131835938e+01
1.643403053283691406e+01
1.643505096435546875e+01
1.643601417541503906e+01
1.643703269958496094e+01
1.643799591064453125e+01
1.643898582458496094e+01
1.644003677368164062e+01
1.644102668762207031e+01
1.644198989868164062e+01
1.644301033020019531e+01
1.644403076171875000e+01
1.644499206542968750e+01
1.644606971740722656e+01
1.644697380065917969e+01
1.644799423217773438e+01
1.644904327392578125e+01
1.645003509521484375e+01
1.645099639892578125e+01
1.645198822021484375e+01
1.645303726196289062e+01
1.645402908325195312e+01
1.645499038696289062e+01
1.645601081848144531e+01
1.645703125000000000e+01
1.645799255371093750e+01
1.645901298522949219e+01
1.646006202697753906e+01
1.646099662780761719e+01
1.646198654174804688e+01
1.646303558349609375e+01
1.646402740478515625e+01
1.646498870849609375e+01
1.646603965759277344e+01
1.646702957153320312e+01
1.646799278259277344e+01
1.646907043457031250e+01
1.647000312805175781e+01
1.647102355957031250e+01
1.647201538085937500e+01
1.647303581237792969e+01
1.647399711608886719e+01
1.647498893737792969e+01
1.647606658935546875e+01
1.647699928283691406e+01
1.647801971435546875e+01
1.647904014587402344e+01
1.648000144958496094e+01
1.648099327087402344e+01
1.648204231262207031e+01
1.648306274414062500e+01
1.648399543762207031e+01
1.648498725891113281e+01
1.648603630065917969e+01
1.648699951171875000e+01
1.648801803588867188e+01
1.648900985717773438e+01
1.649000167846679688e+01
1.649099159240722656e+01
1.649204254150390625e+01
1.649303245544433594e+01
1.649402427673339844e+01
1.649501609802246094e+01
1.649603462219238281e+01
1.649699783325195312e+01
1.649801826477050781e+01
1.649906730651855469e+01
1.650000000000000000e+01
1.650102043151855469e+01
1.650201225280761719e+01
1.650300216674804688e+01
1.650399398803710938e+01
1.650501441955566406e+01
1.650606346130371094e+01
1.650699615478515625e+01
1.650801658630371094e+01
1.650900840759277344e+01
1.651002883911132812e+01
1.651101875305175781e+01
1.651203918457031250e+01
1.651300048828125000e+01
1.651399230957031250e+01
1.651504135131835938e+01
1.651600456237792969e+01
1.651702499389648438e+01
1.651801490783691406e+01
1.651900672912597656e+01
1.651999855041503906e+01
1.652101707458496094e+01
1.652203750610351562e+01
1.652300071716308594e+01
1.652402114868164062e+01
1.652504158020019531e+01
1.652600288391113281e+01
1.652699470520019531e+01
1.652804374694824219e+01
1.652903366088867188e+01
1.652999687194824219e+01
1.653101730346679688e+01
1.653200721740722656e+01
1.653302764892578125e+01
1.653401947021484375e+01
1.653501129150390625e+01
1.653603172302246094e+01
1.653699302673339844e+01
1.653801345825195312e+01
1.653903388977050781e+01
1.653999519348144531e+01
1.654104423522949219e+01
1.654200744628906250e+01
1.654299736022949219e+01
1.654398918151855469e+01
1.654506683349609375e+01
1.654599952697753906e+01
1.654699134826660156e+01
1.654804039001464844e+01
1.654900360107421875e+01
1.655002403259277344e+01
1.655104446411132812e+01
1.655203437805175781e+01
1.655299758911132812e+01
1.655401611328125000e+01
1.655500793457031250e+01
1.655599975585937500e+01
1.655704879760742188e+01
1.655801010131835938e+01
1.655903053283691406e+01
1.655999374389648438e+01
1.656104278564453125e+01
1.656200408935546875e+01
1.656302452087402344e+01
1.656398582458496094e+01
1.656500625610351562e+01
1.656605720520019531e+01
1.656698989868164062e+01
1.656806755065917969e+01
1.656900024414062500e+01
1.656999206542968750e+01
1.657104110717773438e+01
1.657200241088867188e+01
1.657299423217773438e+01
1.657407379150390625e+01
1.657500648498535156e+01
1.657602691650390625e+01
1.657698822021484375e+01
1.657800865173339844e+01
1.657900047302246094e+01
1.658004951477050781e+01
1.658101081848144531e+01
1.658203125000000000e+01
1.658302307128906250e+01
1.658401298522949219e+01
1.658503341674804688e+01
1.658599662780761719e+01
1.658701515197753906e+01
1.658803558349609375e+01
1.658899879455566406e+01
1.659001922607421875e+01
1.659103965759277344e+01
1.659202957153320312e+01
1.659302139282226562e+01
1.659401321411132812e+01
1.659500312805175781e+01
1.659602355957031250e+01
1.659704399108886719e+01
1.659800529479980469e+01
1.659902572631835938e+01
1.660001754760742188e+01
1.660100936889648438e+01
1.660199928283691406e+01
1.660301971435546875e+01
1.660404014587402344e+01
1.660500144958496094e+01
1.660602188110351562e+01
1.660701370239257812e+01
1.660800552368164062e+01
1.660902595520019531e+01
1.661001586914062500e+01
1.661100769042968750e+01
1.661205673217773438e+01
1.661298942565917969e+01
1.661403846740722656e+01
1.661500167846679688e+01
1.661602210998535156e+01
1.661701202392578125e+01
1.661800384521484375e+01
1.661902427673339844e+01
1.662001609802246094e+01
1.662103462219238281e+01
1.662199783325195312e+01
1.662301826477050781e+01
1.662400817871093750e+01
1.662502861022949219e+01
1.662599182128906250e+01
1.662704086303710938e+01
1.662800216674804688e+01
1.662902259826660156e+01
1.663001441955566406e+01
1.663103485107421875e+01
1.663199615478515625e+01
1.663301658630371094e+01
1.663400840759277344e+01
1.663502883911132812e+01
1.663601875305175781e+01
1.663701057434082031e+01
1.663803100585937500e+01
1.663899230957031250e+01
1.664004135131835938e+01
1.664103317260742188e+01
1.664199447631835938e+01
1.664301490783691406e+01
1.664400672912597656e+01
1.664502716064453125e+01
1.664601707458496094e+01
1.664700889587402344e+01
1.664802932739257812e+01
1.664899063110351562e+01
1.665001106262207031e+01
1.665103149414062500e+01
1.665202331542968750e+01
1.665301513671875000e+01
1.665403366088867188e+01
1.665502548217773438e+01
1.665598678588867188e+01
1.665703773498535156e+01
1.665802764892578125e+01
1.665899085998535156e+01
1.666003990173339844e+01
1.666103172302246094e+01
1.666199302673339844e+01
1.666304206848144531e+01
1.666400337219238281e+01
1.666502380371093750e+01
1.666604423522949219e+01
1.666700744628906250e+01
1.666802787780761719e+01
1.666901779174804688e+01
1.667000961303710938e+01
1.667103004455566406e+01
1.667199134826660156e+01
1.667304039001464844e+01
1.667400360107421875e+01
1.667502403259277344e+01
1.667601394653320312e+01
1.667703437805175781e+01
1.667799758911132812e+01
1.667901611328125000e+01
1.668003654479980469e+01
1.668099975585937500e+01
1.668202018737792969e+01
1.668301010131835938e+01
1.668400192260742188e+01
1.668502235412597656e+01
1.668601417541503906e+01
1.668703269958496094e+01
1.668802452087402344e+01
1.668898582458496094e+01
1.669000625610351562e+01
1.669099807739257812e+01
1.669201850891113281e+01
1.669303894042968750e+01
1.669400024414062500e+01
1.669502067565917969e+01
1.669601249694824219e+01
1.669703292846679688e+01
1.669799423217773438e+01
1.669904327392578125e+01
1.670000648498535156e+01
1.670099639892578125e+01
1.670201683044433594e+01
1.670300865173339844e+01
1.670402908325195312e+01
1.670501899719238281e+01
1.670601081848144531e+01
1.670703125000000000e+01
1.670799255371093750e+01
1.670901298522949219e+01
1.671006202697753906e+01
1.671099662780761719e+01
1.671201515197753906e+01
1.671300697326660156e+01
1.671402740478515625e+01
1.671498870849609375e+01
1.671603965759277344e+01
1.671702957153320312e+01
1.671799278259277344e+01
1.671904182434082031e+01
1.672003173828125000e+01
1.672099494934082031e+01
1.672204399108886719e+01
1.672303581237792969e+01
1.672402572631835938e+01
1.672498893737792969e+01
1.672603797912597656e+01
1.672702980041503906e+01
1.672799110412597656e+01
1.672904014587402344e+01
1.673003196716308594e+01
1.673102188110351562e+01
1.673201370239257812e+01
1.673303413391113281e+01
1.673402595520019531e+01
1.673498725891113281e+01
1.673603630065917969e+01
1.673702812194824219e+01
1.673798942565917969e+01
1.673903846740722656e+01
1.674003028869628906e+01
1.674099159240722656e+01
1.674201202392578125e+01
1.674303245544433594e+01
1.674399566650390625e+01
1.674504470825195312e+01
1.674603462219238281e+01
1.674702644348144531e+01
1.674798774719238281e+01
1.674900817871093750e+01
1.675002861022949219e+01
1.675102043151855469e+01
1.675204086303710938e+01
1.675300216674804688e+01
1.675402259826660156e+01
1.675501441955566406e+01
1.675603485107421875e+01
1.675702476501464844e+01
1.675798797607421875e+01
1.675903701782226562e+01
1.675999832153320312e+01
1.676099014282226562e+01
1.676203918457031250e+01
1.676303100585937500e+01
1.676399230957031250e+01
1.676501274108886719e+01
1.676603317260742188e+01
1.676699447631835938e+01
1.676801490783691406e+01
1.676903533935546875e+01
1.677002716064453125e+01
1.677098846435546875e+01
1.677203750610351562e+01
1.677302932739257812e+01
1.677399063110351562e+01
1.677504158020019531e+01
1.677603149414062500e+01
1.677699470520019531e+01
1.677804374694824219e+01
1.677900505065917969e+01
1.678002548217773438e+01
1.678098678588867188e+01
1.678203773498535156e+01
1.678299903869628906e+01
1.678399085998535156e+01
1.678506851196289062e+01
1.678600120544433594e+01
1.678699302673339844e+01
1.678804206848144531e+01
1.678903388977050781e+01
1.678999519348144531e+01
1.679104423522949219e+01
1.679203605651855469e+01
1.679302787780761719e+01
1.679398918151855469e+01
1.679503822326660156e+01
1.679599952697753906e+01
1.679699134826660156e+01
1.679804039001464844e+01
1.679900360107421875e+01
1.680002403259277344e+01
1.680104446411132812e+01
1.680200576782226562e+01
1.680299758911132812e+01
1.680398750305175781e+01
1.680506706237792969e+01
1.680599975585937500e+01
1.680698966979980469e+01
1.680804061889648438e+01
1.680900192260742188e+01
1.681002235412597656e+01
1.681104278564453125e+01
1.681203269958496094e+01
1.681299591064453125e+01
1.681401634216308594e+01
1.681503677368164062e+01
1.681599807739257812e+01
1.681701850891113281e+01
1.681801033020019531e+01
1.681900024414062500e+01
1.682002067565917969e+01
1.682104110717773438e+01
1.682203292846679688e+01
1.682299423217773438e+01
1.682404327392578125e+01
1.682500648498535156e+01
1.682599639892578125e+01
1.682701683044433594e+01
1.682803726196289062e+01
1.682900047302246094e+01
1.682999038696289062e+01
1.683103942871093750e+01
1.683200263977050781e+01
1.683299255371093750e+01
1.683407211303710938e+01
1.683503341674804688e+01
1.683599662780761719e+01
1.683701515197753906e+01
1.683800697326660156e+01
1.683902740478515625e+01
1.683998870849609375e+01
1.684103965759277344e+01
1.684200096130371094e+01
1.684305000305175781e+01
1.684401321411132812e+01
1.684500312805175781e+01
1.684602355957031250e+01
1.684704399108886719e+01
1.684800529479980469e+01
1.684899711608886719e+01
1.685001754760742188e+01
1.685103797912597656e+01
1.685199928283691406e+01
1.685299110412597656e+01
1.685404014587402344e+01
1.685500144958496094e+01
1.685599327087402344e+01
1.685704231262207031e+01
1.685800552368164062e+01
1.685902595520019531e+01
1.685998725891113281e+01
1.686100769042968750e+01
1.686205673217773438e+01
1.686298942565917969e+01
1.686406898498535156e+01
1.686500167846679688e+01
1.686599159240722656e+01
1.686709976196289062e+01
1.686797523498535156e+01
1.686902427673339844e+01
1.687004470825195312e+01
1.687100601196289062e+01
1.687199783325195312e+01
1.687304687500000000e+01
1.687400817871093750e+01
1.687502861022949219e+01
1.687599182128906250e+01
1.687701225280761719e+01
1.687803077697753906e+01
1.687899398803710938e+01
1.688004302978515625e+01
1.688100433349609375e+01
1.688205528259277344e+01
1.688298797607421875e+01
1.688403701782226562e+01
1.688499832153320312e+01
1.688601875305175781e+01
1.688706779479980469e+01
1.688797187805175781e+01
1.688899230957031250e+01
1.689004135131835938e+01
1.689103317260742188e+01
1.689199447631835938e+01
1.689301490783691406e+01
1.689400672912597656e+01
1.689499855041503906e+01
1.689601707458496094e+01
1.689700889587402344e+01
1.689802932739257812e+01
1.689899063110351562e+01
1.689998245239257812e+01
1.690111923217773438e+01
1.690199470520019531e+01
1.690304374694824219e+01
1.690403366088867188e+01
1.690496826171875000e+01
1.690604591369628906e+01
1.690700721740722656e+01
1.690805816650390625e+01
1.690899085998535156e+01
1.691003990173339844e+01
1.691100120544433594e+01
1.691202163696289062e+01
1.691301345825195312e+01
1.691400337219238281e+01
1.691502380371093750e+01
1.691604423522949219e+01
1.691700744628906250e+01
1.691799736022949219e+01
1.691901779174804688e+01
1.692000961303710938e+01
1.692099952697753906e+01
1.692201995849609375e+01
1.692304039001464844e+01
1.692400360107421875e+01
1.692502403259277344e+01
1.692604446411132812e+01
1.692700576782226562e+01
1.692799758911132812e+01
1.692901611328125000e+01
1.693000793457031250e+01
1.693105697631835938e+01
1.693202018737792969e+01
1.693304061889648438e+01
1.693403053283691406e+01
1.693499374389648438e+01
1.693598365783691406e+01
1.693700408935546875e+01
1.693808364868164062e+01
1.693898582458496094e+01
1.694003677368164062e+01
1.694096946716308594e+01
1.694198989868164062e+01
1.694301033020019531e+01
1.694405937194824219e+01
1.694502067565917969e+01
1.694601249694824219e+01
1.694700241088867188e+01
1.694805335998535156e+01
1.694904327392578125e+01
1.695000648498535156e+01
1.695105552673339844e+01
1.695198822021484375e+01
1.695300865173339844e+01
1.695402908325195312e+01
1.695499038696289062e+01
1.695609855651855469e+01
1.695700263977050781e+01
1.695799255371093750e+01
1.695901298522949219e+01
1.696000480651855469e+01
1.696105384826660156e+01
1.696198654174804688e+01
1.696303558349609375e+01
1.696402740478515625e+01
1.696498870849609375e+01
1.696600914001464844e+01
1.696706008911132812e+01
1.696802139282226562e+01
1.696901321411132812e+01
1.697000312805175781e+01
1.697102355957031250e+01
1.697201538085937500e+01
1.697306442260742188e+01
1.697399711608886719e+01
1.697498893737792969e+01
1.697600936889648438e+01
1.697699928283691406e+01
1.697799110412597656e+01
1.697904014587402344e+01
1.698006057739257812e+01
1.698099327087402344e+01
1.698204231262207031e+01
1.698303413391113281e+01
1.698399543762207031e+01
1.698504638671875000e+01
1.698600769042968750e+01
1.698702812194824219e+01
1.698798942565917969e+01
1.698900985717773438e+01
1.699003028869628906e+01
1.699105072021484375e+01
1.699201202392578125e+01
1.699300384521484375e+01
1.699402427673339844e+01
1.699501609802246094e+01
1.699603462219238281e+01
1.699702644348144531e+01
1.699798774719238281e+01
1.699900817871093750e+01
